73433591548
73435475124
79000412840
79022651564
79022783421
79026277790
79028799499
79041797643
79044935337
79045400962
79045401030
79045450809
79045459552
79048456070
79089069651
79089205875
79090013750
79090181464
79091310110
79120362751
79122123385
79122343881
79122497858
79122665036
79125947504
79126150061
79126397262
79126523795
79126611486
79126957556
79193710398
79193717788
79193758181
79221099939
79221171957
79221434092
79221661098
79222012568
79222243737
79222599074
79284589148
79292162602
79527281297
79617783283
79630411385
79630532728
79655270403
79826237613
79826645335
79827642729
79859605875
79870232705
79935150673
79959343410
