79826373193	
79278808495	
79198422893	
79068147012	
79922186150	
79068103862	
79995730303	
79639243970	
79022648642	
79122851132
79089051701	
79921044036	
79522771080	
79223850609	
79225263254	
79227655041
79227655041	
79097041132	
79000413840	
79027862183	
79221008757
79221008757
79126944691
73433281211
79655008689
79221034426	
79023584418
79023584418	
79126001731
79126001731	
79045457611
79045457611	
79126001731
79126001731	
79505584218	
79044530779
79044530779	
79043827438
79043827438	
79527077702	
79630534600	
79995595954
79995595954	
79221508142
73433281211
79655008689	
79126488819
79126488819	
79826272733
79826272733	
79128393688	
79122107443
79122107443	
79321292388	
79002145837	
79068582147
79068582147	
79121344444	
79655085916	
79505537804
79505537804	
79122409907
79122409907	
79122650692	
79827031964	
79617652265	
79223566135	
73433591548	
79991378408	
73432662976	
79022734285	
79037118055	
79225554455	
79090064351	
79002137867	
79090141529	
79019563787	
79128378371	
79097014618
79094444148	
79222215987
79222215987	
79222095120	
79521327372	
79014359075	
79505563513
79505563513	
79126229022	
79126903913
79126903913	
79120525751	
79826879530	
79996499696
79996499696	
79506506662	
79081502608
79081502608	
79129347126	
79236463503	
79089057969	
79027669459	
79823662670	
79000487974	
79022937339	
79126673088	
79122817325	
79502042932	
79061883890	
79124666066	
79221256713
79221256713	
79935019972	
79653530993	
79182915564	
79122311723	
79503887108	
79122312012
79122312012	
79122466619	
79375055596
79375055596	
73433281211
79655008689	
79504444934
79504444934	
79504444934	
79122983223
79122983223	
79122857997	
79872652936	
79000021354	
79002761933	
79045488961	
79030814709	
79099785713	
79221248032	
79221288401
79221288401	
79222064129
79222064129	
79122957169
79122957169	
79961732151	
79221835700	
79617777121	
79505591810	
79222031564	
79945004718	
79505632406	
79506337110	
79005812608
79005812608	
79623854787	
79019503320	
79632734243	
79617649601	
79505456922	
79827684055	
79122605878	
79002023646	
79122992963	
79086368743	
79530515071	
79030810570	
79043820328	
79297556028	
79617683635	
