79220308575
79122487436
79126397262
79222599074
79122123385
79221221966
79226061519
79024414679
79122851132
79258013665	
79122336916
79920082007
79920082007
79058002841
79058002841
79126611486
79045413139
79045413139
79222178187
79220172956
79089069651
73433046182
79536778174
79530520005
79823672015
79823672015
79221778062
79221778062
79655270403
79090007726	
79126886882	
79048456070
79045419702
79826480754
79022651564
79827595857
79827595857
79122866334
79141500999
79141500999
79089136414
79126866334
79222178187
79222178187
79222178187
79965942395	
79965942395	
79222178187
79222178187
79530080744
79222178187
79222212658
79120349948	
79222222810
79222222810
79955635963
79955635963
79826639656
79527318197
79527318197
79089030287
79089030287
79041693963
79049862068
79025002796
79063749775
79935150673
79935150673
79049888991
79049888991
79089235100
79221508142
79292162602
79222207074
79533854726
79001976450
79001976450
73433858839
79678511305
79044935337
79030863619
79045401030
79045401030
79126303586
79126303586
7902878468
79859605875
79859605875
79045459552
79122665036
79221154115
79120342225
79120342225
79521405055
79521405055
79120654030
79120654030
79655278933
79122497858
79122497858
79068151333
79068151333
73432830097
79634498865
79222278456
79284589148
79649190974	
79649190974	
79221242774
79193835457
79193835457
79826051175
79826051175
79292162602
73479195808
79221423706
79222187145
73436344990
73436344661
79530033698
79022732485
79024449453
79024449453
79012019207
79676375922
79199235395
79644881211	
79644881211	
79126005936	
79068132966
79068132966
79530490820
79526378627
79527378627
79536022475
79043851649
79222148580
79923380836
79123636907
79089283201
79089283201
061025144827
74951502020
79022671893
79995635112
79995635112
79030862085
79089232000
79089232000
79049845478
79049845478
73433719579
79089117707
79000424347
79533813789
79506322830
79521393920
79090013750
79826434015
79826434015
79687253421
79221430402
79122661313
79122655541
73433591548
79022783421
79030861068
79030861068
79931015946
79022672105
79519773047
79220635718
79222278456
79676330081
79014359076
79222243737
79127118085
79045483286
79045483286
79506379894
79193911117
79222012568
79221227524
79022594418
79292697004
73452607004
73452393454
79826443019
79826443019
79223387378
79512230399
79068080190
79826513937
79126570645
79292697004
73452607004
73452393454
79028752536
79126585612
79384507007
79384507007
79292697004
73452607004
73452393454
79126570645
79826700162
79089229774
79536058447
79536058447
79527424369
79827697292
79068080190
79644852525
79634485835
79634485835
79221620002	
79022662872
79221464432
79193242040
79326108965
79193890634	
79068017191
79222055373
79505639705
79021883001
79089203377
79222080361
79126491910
79292151477
79530021483
79530021483
79937760774
79937760774
79612116599
7902878468
79920152445
79068003485
79126523795
79221434092
79826593225
79226043714
79292229777
79292229777
79538253834
79538253834
79122136043
79020078076
79826593225
79126088751
79126088751
79617783283
79824974104
79126436874	
79090104892
79090104892
79827071275
79089205875
79126357160
79226084379
7902878468
79024484128
79961820402
79024401027
79965987688
79965987688
79122481750
79122481750
79126150061
79000412840
79000412840
79993696148
79089096386
79226094775
79961731919
79122395399
79002058927
79058003283
79058003283
73433281211
79655008689
79193860510
79120358849
79120358849
79998085794
79506397262
79122840588	
79122840588	
79122343881
79505561991
79122805133
79530007118
79030814709
79030796641
79030796641
79826027496
79826979543
79630411385
79920044520
79122585581
79122585581
79221828137
79221335517
73433632555
73452555520
79090001254
79090001254
79001994520
79086310610
79122813534
79222067129
79222067129
79122174955
79122174955
79089258799
79122710227
79326030995
73452500489
79617724793
79630341150
79655097094
79822495866
79822495866
79530477358
79827642729
79827642729
79089281119
79126303860
79126000796
79959343410
73433737137
79826337647
73433737171
79924289721
79920247740
79505621938
79222095397
79527440003
79501937686
79123534082
79123534082
79090181464
79193625435
79221618522
79128804046
79068096532
79126780612
79920266169
79221520292
79655102877
79655102877
79292187114
79292187114
73435475124
75023002050
79221010747
79122314881
79222207074
79826625554
79222050981
79222050981
79122816409
79089164787
79678528935
79678528935
79530073784
79122474255
79505157115
79505157115
79502074151
79043893488
79043893488
79826645335
79826645335
79122004289
79536079583
79536079583
79505606561
79185306687
79396406468
75032206540
79049827217
79527290511	
79527290511	
79506339988
79506339988
79125947504
79125947504
79125947504
79125947504
79097005000
79222050981
79827659053
79118450489
73433281211
79655008689
79920266169
79221520292
79222388184
79089095172
79089095172
79022711649
79022711649
79826237613
79122006608
79089033607
79068130092
79222930049
79089054212
79022759217
79826527597
79826527597
79022668972
79122424369
79617773313
79617649510
79126514291
79122549059
79122229943
79025010559
79122431861
79126683595
79222553091
79122365304
79089263982
79221962709
79222253389
79222253389
79058020298
79049872437
79049872437
79122962109
79122962109
79122317499
79221565757
79221565757
79617753211	
79617753211	
79193710398	
79193710398	
79089211754
79222973975
79222973975
79126606014
79222207074
79630511891
79630511891
79022696211
79221288088
79995643511
79049814731
79049814731
79089289168
79024090230
79024090230
79028789909
79122812950
79126042522
79920012789
79920012789
79090091543
79090091543
79826071589
79821911731
79221337160
79122435270
79501916727
73432422688
79024475225
79630501814
79193240960
79193240960
79049814731
79090120538
79086304307
79045421172
79097047442
79090198295
79222060221
79021885673
79021885673
79538220505
79086391888
79920236933
79920236933
79086306259
79122891311
79001986966
79122880512
79122956706
79667171077
79827494283
79014359139
79122664598
79122664598
79049827569
73433120033
79634465982
79122584567
79122584577
79501916897
79501916897
79222165426
79530502759
79530502759
79090100253
79506562494
79122820515
79193991985
79122694449
79676359445	
79221300263
79962171205
79122282991	
79030872057
79222987993
79995635419
79164719113
79617669646
79193764530
79045485832
79193847920
79222277065
79223352575
79014303782
79506324132
79221099939
79530405000
79221575789
79126364752
79030845064
79122016992
79827455954
79920275223
79227383811
79505468090
79126440639
79502070821
79501977761
79222081011
79533885560
79089025384
79323329910	
79323329910	
79122889215
79089107137
79068132567
79327001648
79055889601
79671919151
79663225645
79661796106
79221248848
79049877965
73433833514
79122477722
73432345723
79126044629
79126295148
79670903394
73452560099
73433591765
79122627665	
79920038260
79530407066
73433281211
79655008689
79321283670
79068039983
79045450809
79670917284
79122318033
79128104187	
79670917292
79505439628
79670917273
79089181252
79097045055
79627117857
79126109406
41782019761
79923365748
79627116944
79627117856
79657990463
79226031008
79657990578
79086355145
79022630106
79122474605
79827001796	
79827001796	
79670922842
79670922840
79670923021
79826319899
79273302198
79809117278
79028753683
79122512146
79828706151
79920940077
79505622240
79126667959
79122038511
79961758976
79045443202
79920962377
79820962377
79024404825
79920303080
79045463478
79920303080
79913350252
79826757137
79041671992
79220272049
79965625710
73432433122
79028702088
79826366650
79920192404
79122863981
79655432757
79371663315
79222218911
79226000407
79501919088
79505450336
79024782760
79002067080
79221023622
79923437683
79028799499
79089038264
79521454536
79196021204
73433880933
79617767565
79527281297
79506444528
79090156493
79505444846
74956259595
79126264822
79120444008
79870232705
79224508030
79089143824
79193688881
79501931698
79615735065
79026292020
79028777732
79222194600
79222194600
79122933444
79827097295
73433021301
79826112236
79120459959
79655371413
79644863900
79041699236
79011491347
79086341607
79221982983
79222256311
79030807115	
79030807115	
79923350252
79122740415
79223780922
79505418249
79122798250
79533849804
79041606006
79827664792
79082454785
79041797643
73433836055
79292225920	
79028718465
79527388447
79826211530
79920060613
79120338484
79651752514
79222222334
79923394392
79826389113
79228314360
79028798886
79000353387
79041782342
79326152221
79506435700
79965965253
79920211241
79650952894
79630343307
79221171957
79089063917
79826595278
79022675463
79193807196
79530519763
79923313699
79923313699
79923400112
79506435700
79221712220
79221534780
73432151775
79226198265
79826189291
79221564744
79530038188
79221556278
79538287677
79995600943
79045400962
79097049989
79126052304
79049804451
79089176759
79002043043	
79002043043	
79221105596
79638527884
79582354520
79088983456
79221064595
79582360354
79089199682
79126808323
79221660740
79122371774
79122815528
79827166417
79828462881
79058089271
79250595807
79030848716
79995600768
79923300309
79122443433
79126971601
79028256995
79538242071
79002068718
79089245069
79221130760
79122436782
79538270290
79630504904
79090000609
79222248413
79530043063
79090036121
79126926242
79826991183
79126957556
79321125226
79506432334
79028747338
79043870657
79826232096
79122140957
79538281930
79049810871
79126383004
79022556341
79068049022
79090080980
79655596782
79122250012
79221896535
79825326058
79506459059
79126079371
79226122266
79321297371
79826691681
79000431116
79506335575
79501999000
79226034054
79089077902
79506442777
79223275009
79617755304	
79630322538
79126907127
79120362751
79002033266
79089077940
79122423579
79126925900
79268929734
79122336989
79025025181
79965965581
79222826655
79089265306
79041713560
79193717788	
79193717788	
79221261352
79221686396
79506308566
79122662044
79086321323
79068109550
79122204069
79222093708
79221847480
79091310110
79521371449
79194486685
79506332541
79826301068
79120371786
79043899002
79221785132
79126866693
79221706092
79226112453
79676399897
79617637180
79041649377
79630406862
79002039400
79028709062
79826612547
79826963096
79193916428
79122947784
79536020595
79655438708
79090110987
73832276464
79137758840
79022638287
79630465181
79826401898
79048844009
79827199741
79826514542
79965949225
79505466698
79126722492
79089122908
79823639456	
79823639456	
79120488702
79028705510
79122122846
79122680727
73432956169
79226049227
79538262410
79655157949
79538267921
79222133320
79122423682
79028707111
79826560261
79126258888
79122250747
79894233881
79026277790
79519624407
79920194366
79655409260
79222930751
79022655862
79043854914
73433790609
79126867755
79045436534
79122855823
79022738201	
79505593062
79527346932
79126867755
79581342110
79146531070
79226112266
79530030624
79502022176
73432352763
79193760660
79827543330
79120340918
79505431043
79222049046
79826714930
79126655143
79506339222
79992872363
79126041203
79226060169
79536005031
79022537511
79126725420
79617702974
79658353343
73433380233
73432290419
79126401015
79221661098
79222093261
79630532728
79193758181
79227663944