79089297145
79506574441
79505315577
79827457297
79126911722
79222631777
79506461175
79772622197
79224732377
79028799250
79519719010
79630443723
79826314803
79227640376
79827383487
79126517391
79125947504
79049803907
79122343881
79000412840
79122537518
79826604453
79222243737
79126523795
79617652265
79221592811
79022634023
79126224276
79030796030
79222059928
79920055996
79058055626
79505435646
79221592811
79226016983
79120425281
79667124520
79120512021
79826598583
79959343410
79630411385
79630411385
79617776342
79617776342
79122104840
79088742323
79088742323
79505636513
79222057928
79524425106
79088542742
79530532146
79089049754
79222198811
79501902485
79859605875
79045403864
79505428437
79667020455
79122449525
79221492517
79122685409
79024446992
79501969802
79028135096
79527315001
79501969802
79505540467
79043819191
79634494208
79221215954
79222296133
79028708517
79049895742
79126384128
79049895742
79825190555
79923383743
79995590445
79995590445
79920060803
79506533695
79030853023
791260038281
79126038281
79221999066
79129747245
79122674297
79533816512
79086324985
79049851720
79049846286
79676353561
79222266921
79527281297
79222004308
79827457297
79022530711
79022530711
79022530711
79157324770
79222004308
79655168828
79220222902
79193935031
79025034000
79634478488
79193656114
79826645335
79122215322
79088313990
79222024558
79122215322
79122215322
79126672807
79923398411
79126371111
79117629536
79822213804
79822213804
79638548798
79002023507
79935150673
79222185210
79030850032
79193717788
79826514427
79122420892
79536027937
79222048065
79136396733
79090074506
79226048114
79126995191
79193592577
79122696888
79022783421
79527340674
79506556159
79022651564
79221243777
79122413885
79222110223
79222977307
79122195283
79129747245
79655342054
79222982264
79089184379
79090044421
79224305895
79122548633
79226177396
79045448011
79222177202
79505405587
79505405587
79292130057
79676353509
79126728620
79126483087
79030862143
79045410891
79193758181
79826400083
79505405587
79505405587
79043819944
79122111221
79632744444
79821380117
79089275427
79950888070
79961851205
79045429371
79323024131
79122908029
79120377345
79827620380
79030828658
79049822470
79126453076
79041690404
79126005740
79222057928
79222252204
79135045981
79122908029
79022538001
7900100921
79826383763
79126370350
79122262796
79221123950
79501965428
79221661098
79126150061
79122252089
79506528647
79530434930
79045462684
79322491582
79655384666
79126957556
79506574441
791204774
79501994461
79826251835
79826134271
79122619101
79126965530
79530439037
79530439037
79824660468
79028708292
79676393627
79028729221
791224626
79827642729
79126088083
79530394299
79221300864
79122432350
79045400962
79090029194
79222012568
79222053003
79122554034
79058014190
79630532728
79122947047
79089104722
79126104494
79026277790
79026277790
79870232705
79502035369
79222082350
79028793960
73433616667
79022753274
79292162602
79045450809
79126960462
79126611486
79022680570
79823622300
79122497858
79122819871
79028702580
79223444668
79193710398
79521470047
79022711934
73433713395
79505559292
79634470688
79505339395
79505339395
79505339395
79505339395
79505339395
79505339395
799965987688
79126523795
79089205875
79623132446
79122079545
79617783283
79193952577
79222010075
79043884947
79221434092
79193776077
79961886478
79226012347
79631228111
79631228111
79025029757
79120435116
79028756432
79028756432
79122001107
7985860190
79120439566
79018592833
73433591548
79826422559
79221293904
79220009450
79220009450
79221630444
79089244594
79506314091
79226022032
79090064776
79090064776
79519719010
79122267074
79126303849
79536028746
79222013829
79089019575
79089019575
79089260600
79122549077
79655170010
79655170010
79030809029
79527289976
79122866663
79696830089
79122692722
79505370602
79505370602
79126743453
79126743453
79028799499
79825926697
79825926697
79221351409
79825926697
79502052075
79825926697
79068119977
79924054578
790019836
79086370079
79826237613
79126081263
79326097470
79292002870
79043850900
79284589148
79041790723
79221171957
79222955933
79505638837
79221206930
79094027129
79028701901
79041634314
79530479183
79222135828
79826214243
79126044156
79122436642
79122872911
79292417402
79530051529
79502083000
79221161672
79058089954
79089194733
79126211022
79222017127
79049855428
79090181464
79784446001
79935043360
79089111345
73435475124
79924054578
79292144687
79028788881
79676393627
79924054578
79501965428
79122700317
79173600056
79320566430
79089083621
79089083621
79126802378
79126916115
79126916115
79086385231
79193880161
79122621890
79924054578
79122135190
79954959897
79120362751
79120362751
79505339395
79120442249
79273364975
79122228849
79221304894
79028724202
79506517877
79122807838
79089199375
79961867653
79041797643
79041797643
79091310110
79226003090
79920188441
79284589148
79284589148
79002001201
79090013750
79829922021
79126463564
79041772870
79068147012
79226002029
79126635309
79326144866
79089105444
79089105444
79028381632
79024440064
79045401030
79122665036
79044935337
79126434850
79826924120
79045459552
79089069651
79634470688
79221044160
79221044036
73433628570
79221099939
79920147757
79028724593
79126397262
79048456070
79122123385
79122123385
79222599074
79655270403